39094546
39089643
39085298
39080821
39080726
39079980
39071345
39070656
39067396
39063072
39060267
39056112
39050629
39043353
39039075
39037720
39037634
39037312
39030898
39030691
39030654
39027090
39024692
39023128
39020259
39019160
39014939
39002480
39000530
38998039
38990027
38989659
38986408
38982915
38982403
38977718
38977109
38977060
38975795
38975760
38973153
38969657
38968121
38966245
38960872
38951816
38945001
38943206
38940510
38931255
38930552
38929370
38923598
38920000
38916334
38914648
38911084
38910254
38902926
38900289
38895717
38892546
38879636
38870614
38864950
38862069
38851338
38849107
38846786
38845047
38833830
38825773
38820878
38820703
38819818
38815878
38814931
38810582
38807988
38803448
38800748
38799799
38799727
38792807
38792711
38784654
38780275
38775898
38771858
38763011
38757812
38755047
38745980
38742910
38742878
38735389
38733121
38723876
38722758
38718521
38715137
38711779
38701628
38699479
38697408
38695096
38694752
38692848
38690316
38685762
38684965
38675716
38674701
38674657
38672421
38671923
38668783
38664929
38662518
38658654
38651859
38647315
38643745
38643098
38640403
38638558
38636385
38635321
38627869
38625103
38613119
38608741
38606356
38594229
38593566
38591043
38579995
38575861
38565017
38556024
38555432
38550938
38549118
38546528
38539968
38534158
38533674
38529182
38527398
38520323
38519112
38519004
38503977
38502690
38498111
38497257
38485034
38483744
38483509
38481663
38469667
38461199
38451230
38443405
38441977
38422109
38421192
38420673
38412016
38411058
38400721
38396840
38396543
38384302
38375831
38374121
38366194
38350466
41853558
38349437
38349151
38347598
38341424
38336077
38333588
38332701
38331218
38329353
38329115
38321177
38317217
38312103
38309691
38309340
38309231
38306257
38305171
38305096
38302438
38288819
38287457
38281699
38273006
38259106
38258019
38254505
38254365
38252058
38249446
38245554
38245349
38231315
38231265
38229330
38219578
38217406
38212429
38212383
38203712
38194811
38191834
38188576
38188569
38186252
38182626
38181823
38171069
38170981
38167330
38163076
38147943
38147149
38145758
38139356
38139130
38138066
38137965
38136701
38133228
38114436
38108689
38108654
38104411
38100390
38098653
38092264
38085089
38079031
38076955
38075901
38072228
38068802
38067023
38066426
38062990
38056640
38036425
38033561
38031339
38004740
38001502
38001079
37999031
37993724
37991826
37987083
37981184
37979958
37979711
37974103
37972468
37970497
37962419
37960282
37958120
37949212
37946266
37940330
37937647
37936065
37924576
37909786
37908544
37908118
37906569
37898635
37894077
37889679
37877794
37875797
37871736
37858797
37855604
37853813
37835689
37830846
37830742
37828802
37822757
37810788
37806587
37805557
37803714
37801779
37792060
37784018
37779688
37777765
37764032
37752615
37752225
37749431
37748599
37747192
37744933
37736390
37731932
37714224
37705113
37704113
37700351
37699793
37697496
37695076
37684694
37684524
37675433
37670231
37666200
37662279
37661068
37659809
37650630
37650612
37648194
37645712
37638757
37630578
37630519
37621874
37621652
37620768
37620319
37615434
37610102
37606634
37584728
37580828
37573429
37569608
37550758
37541570
37537673
37525231
37525141
37524154
37508100
37505576
37504575
37499616
37497061
37496083
37493577
37490989
37485826
37479827
37478939
37473695
37470119
37465027
37462611
37452210
37450589
37445967
37444034
37440367
37439777
37434868
37429473
37428087
37413963
37401755
37400907
37399986
37398675
37394467
37386075
37384524
37374982
37369278
37358243
37355675
37355217
37347191
37346030
37345674
37339742
37333647
37325710
37323917
37317330
37317182
37304849
37301103
37298198
37290656
37286586
37280708
37279755
37273228
37272702
37269991
37258862
37258543
37255458
37252382
37249588
37245209
37238082
37238063
37231976
37225687
37224782
37215132
37215025
37209654
37208728
37206333
37202719
37202543
37201335
37194081
37186232
37183784
37183345
37178843
37178644
37178322
37175619
37166318
37166164
37158970
37152756
37145290
37145100
37141097
37140369
37133385
37129524
37118882
37118698
37110500
37110298
37100380
37100093
37097162
37090719
37087457
37085482
37081021
37069233
37056746
37056740
37052498
37052495
37049841
37047647
37027929
37027361
37020716
37019075
37005428
37004685
36996123
36993518
36992396
36990340
36990166
36985338
36977954
36943061
36930202
36927795
36922761
36921777
36920238
36915549
36915382
36910168
36906632
36896179
36879316
36869370
36860485
36846779
36846268
36839325
36838868
36837868
36835663