29963641
29962963
29950381
29914145
29911322
29907938
29906260
29903041
29898983
29878200
29875764
29871482
29862448
29802796
29802288
29800328
29794055
29790949
29789027
29780377
29778183
29773876
29765359
29762899
29739469
29729565
29719871
29705422
29692798
29692770
29691748
29689301
29686603
29682427
29670191
29651010
29633335
29629413
29624164
29621980
29601586
29587819
29577121
29540269
29539590
29528548
29520598
29511180
29503636
29494510
29487856
29469169
29465338
29459707
29454999
29439741
29427518
29416567
29416123
29415902
29380873
29375532
29363671
29356515
29354108
29328543
29317592
29311457
29301569
29282825
29281673
29275129
29270447
31304250
29201150
29198875
33525770
29182421
29171095
29167663
29159825
29142285
29124770
29123512
29112136
29101024
29097220
29087008
29081768
29038461
29018423
28973555
28968517
28947833
28904137
28891744
28887494
28849048
28848539
28841911
28833934
28821731
28801990
28790203
28783248
28779118
28768551
28761060
28751883
28745827
28725398
28720731
28690599
28674682
28668709
28662574
28662572
28646502
28624689
28610994
28607413
28606169
28605130
28553263
28545131
28543918
28543188
28525602
28523395
28491055
28479399
28475713
28473812
28441394
28436439
28424669
28422970
28417460
28407078
28401612
28390422
28390070
28349946
28345059
28320307
28285599
28256031
28246016
28245817
28239436
28234468
28232956
28220109
28191503
28183172
28182951
28176851
28176435
28167213
28165194
28083922
28070087
27998035
27976718
27925857
27915284
27912059
27876778
27876765
27869789
27860093
27858139
27821485
27801992
27801835
27783988
27713958
27709286
27708630
27703179
27670113
27665238
27643971
27628212
27621225
27608918
27559357
27554980
27550859
27458785
27454254
27453351
27446044
27368709
29544827
27315483
27301250
27288420
27268458
27255518
27242691
27242374
27208774
27180722
27169388
27148189
27117007
27106050
27072196
27065983
27052538
27026373
27012191
27007819
26989200
26986573
26962896
26925326
26905381
26884164
26709835
26676710
26659594
26638243
26633470
26607965
26579434
28943629
26511795
26509834
26500698
26479188
26473721
26423395
26420038
26388849
26336637
26323630
26320104
26319658
26315488
26305682
26258869
26234684
26189342
26168244
26167280
26150661
26147095
26143242
26123276
26102287
26101080
26070414
26070001
26058415
26048941
26046242
25973144
25960327
25903360
25813857
25663091
25652653
25635690
25625313
25614621
25609144
25608871
25604266
25598242
25575311
27682116
25538865
25524569
25423494
25382376
25336723
25304507
25271286
25263745
25246537
25232735
25208077
25204516
25183073
25080446
25048881
25024222
25010839
25007784
24973096
24912178
24882755
24860552
24809191
24694712
24584416
24522263
24467930
24413286
24348232
24327339
24256454
24212578
24204633
24136777
24118574
24102776
23889584
23874908
23871375
23840722
23840608
23823492
23741344
23672637
23662775
23646192
23608959
23482581
23365392
23326376
23326236
23251574
23251564
23216677
23209704
23111871
23075436
23060052
23053958
22963241
22853923
22828956
22711827
22617141
22544239
22493085
22307632
22267340
22265636
23990811
22162948
22128350
22006317
21970572
21935609
21881944
21655220
21575148
21486635
21431771
21365277
21228220
21167876
20926643
20668486
19706296
19515552
18698804
18698407
18407065
17435000
17183312
17138901
17132046
16968696