42397430
42394335
42388191
42387604
42385456
42381379
42381037
42376617
42376574
42371248
42370747
42366391
42354826
42353476
42353029
42352384
42351266
42348335
42346775
42345817
42344668
42341885
42326413
42324618
42312182
42307995
42301503
42301501
42301089
42300931
42296622
42295521
42295179
42282812
42282268
42278324
42276346
42275884
42271557
42270261
42267567
42264245
42262118
42262077
42249511
42244002
42242027
42240953
42239166
42237982
42233654
42222901
42219901
42219044
42216221
42207344
42207030
42201143
42200417
42197470
42197004
42186028
42184066
42172982
42164318
42159959
42156216
42147179
42140051
42139793
42139081
42134644
42132916
42121788
42121260
42120383
42113401
42111294
42106836
42105460
42104937
42103932
42103925
42103708
42100978
42100652
42098871
42091967
42083207
42075321
42069617
42068877
42067917
42066496
42059571
42059394
42055201
42051014
42050727
42046064
42044779
42043697
42041929
42039826
42036496
42034426
42021075
42019469
42016568
42014993
42014006
42012066
42010713
42010457
42004407
42002784
42002357
42002296
42001834
42000463
41998806
41996550
41996045
41994282
41990134
41990029
41985316
41980940
41975427
41973542
41973308
41972428
41971325
41971320
41969653
41966829
41965517
41963968
41961352
41958322
41953110
41951635
41951111
41940273
41937718
41935154
41934511
41933826
41928361
41925227
41921920
41921236
41919563
41918528
41912071
41911519
41910214
41910137
41904606
41904571
41903463
41903099
41901100
41900466
41897699
41896639
41893724
41892593
41892478
41889866
41887297
41886955
41881804
41877267
41866358
41865866
41863933
41863619
41862790
41854683
41846078
41842581
41840712
41840154
41834217
41828944
41828538
41814421
41802510
41801284
41798955
41794500
41794459
41792922
41792614
41789923
41787302
41786764
41784805
41784373
41782011
41778161
41776697
41776310
41775266
41775000
41772715
41771971
41770401
41768933
41762333
41762228
41759554
41757098
41756445
41754401
41754175
41751100
41742841
41741786
41740355
41737133
41736978
41734043
41732362
41730403
41729207
41724868
41724049
41717089
41715225
41715166
41714980
41714781
41708187
41707490
41704848
41700855
41699596
41699049
41698575
41697296
41696361
41696020
41691988
41680341
41679623
41674575
41673107
41671957
41671813
41668731
41655382
41651389
41651079
41648142
41645099
41645054
41644553
41642529
41640388
41639568
41638014
41634410
41629580
41627458
41619990
41619556
41619490
41619482
41618858
41618383
41618136
41611514
41598945
41597574
41597231
41597216
41596659
41594879
41588320
41585377
41572341
41567631
41564978
41562094
41560354
41558076
41552936
41549250
41547908
41547860
41543328
41542073
41540332
41539854
41539238
41539094
41529631
41526820
41524778
41521588
41519314
41514837
41514742
41514203
41512763
41511078
41508143
41502854
41501865
41499817
41485666
41485293
41481471
41478064
41471929
41468963
41466331
41465696
41463940
41463937
41461466
41456824
41455002
41453848
41451983
41448339
41448295
41435895
41432437
41432144
41429195
41428602
41422269
41412647
41411799
41409544
41404904
41403401
41401858
41399814
41396495
41394107
41392116
41391320
41391055
41390863
41389890
41389008
41388485
41387308
41385957
41379245
41378778
41373768
41371128
41367394
41366428
41365051
41358839
41354995
41354993
41354765
41352476
41340151
41330099
41323881
41321534
41316344
41310419
41308447
41306589
41305606
41302874
41297516
41296394
41291200
41290836
41289310
41285454
41280077
41279399
41279255
41271321
41269708
41264233
41262456
41261182
41253025
41249177
41239026
41236809
41231970
41231285
41230492
41228409
41222145
41218490
41218045
41204634
41203007
41197330
41192191
41188219
41183487
41180884
41177025
41172852
41171541
41163128
41160143
41159770
41159034
41153961
41153865
41148302
41147782
41143740
41143690
41138182
41128412
41121093
41117680
41115834
41112047
41110566
41110291
41108937
41106786
41101217
41100443
41093983
41092847
41088378
41087617
41083440
41082055
41079637
41075532
41068119
41064842
41060580
41059035
41046693
41044758
41043307
41043233
41040880
41039213
41035224
41030555
41029787
41026172
41019955
41019524
41019405
41015602
41015376
41014671
41011492
41010544
41007969
41000896
40999305
40997471
40989616
40980884
40977701
40972730
40972220
40971838
40969552
40966844
40961667
40946456
40945093
40943581
40943165
40940575
40939728
40929881
40919801
40911131
40903950
40902348
40895097
40894694
40894065
40892742
40890565
40882788
40878918
40877785
40871296
40870601
40869994
40864614
40859157
40880127
40874053
40865345
40854639
40862149
40855911
40849482
40846855
40848091
40845728
40845582
40833800
40833797
40833454
40832979
40832881
40832781
40832181
40819039
40817325
40812483
40810527
40810386
40795725
40794845
40790604
40785991
40784175
40784060
40772734
40765405
40762941
40753152
40752853
40749338
40744840
40739184
40732113
40731980
40730483
40726156
40725341
40724573
40723970
40719501
40709814
40707808
40706488
40703671
40702575
40697547
40695592
40694261
40693139
40691217
40687781
40683643
40680679
40674393
40671160
40667647
40663882
40662533
40661966
40661950
40660868
40660333
40654714
40653476
40649719
40647045
40646844
40645526
40643197
40640914
40640502
40635073
40631147
40630181
40624279
40622630
40614652
40602565
40600712
40586543
40584121
40584035
40578039
40576355
40565336
40563261
40562089
40558396
40556523
40554894
40554061
40551486
40548295
40544677
40544520
40544290
40541587
40541123
40535009
40533851
40532861
40532535
40528807
40523923
40520638
40517265
40507096
40502000
40501599
40499635
40495477
40493399
40488951
40486234
40482531
40481853
40475154
40472638
40472396
40469517
40468269
40463374
40459709
40445192
40442787
40438215
40434086
40431505
40431358
40428326
40428305
40421996
40411710
40410832
40407096
40405076
40398297
40396732
40388308
40383381
40373385
40372916
40369669
40360994
40354675
40354439
40350102
40349120
40348945
40347566
40344252
40342698
40339249
40338610
40335921
40328090
40327160
40326765
40324646
40322835
40320901
40311598
40310547
40309103
40304525
40302838
40301729
40294554
40291804
40290900
40288073
40287860
40284799
40284724
40281970
40269059
40267563
40266232
40262434
40259344
40258509
40254701
40253770
40252750
40252553
40252413
40252307
40252261
40247632
40241768
40236485
40235074
40232107
40226542
40215877
40215391
40212922
40211688
40211121
40209373
40205678
40202719
40199934
40199830
40194477
40192235
40187012
40185186
40176190
40176137
40172215
40170926
40169141
40165946
40165002
42162574
40158829
40157594
40151573
40150979
40149936
40140706
40129370
40126388
40119394
40116459
40102546
40101486
40094563
40091534
40090144
40087549
40086306
40082024
40078943
40077671
40076036
40075266
40075219
40072088
40069605
40064789
40063888
40058443
40057258
40056781
40047424
40047330
40043390
40038232
40037072
40032028
40029616
40016544
40007795
40005715
40005052
40004174
40003915
40003742
40000891
39983259
39981802
39979617
39970096
39968350
39968349
39966566
39957783
39953749
39951448
39951352
39946873
39940893
39939365
39938449
39936895
39935633
39930446
39929376
39927333
39925879
39920864
39919372
39917835
39915809
39912643
39909254
39902954
39898316
39896720
39894202
39892320
39891262
39881387
39875095
39873521
39854991
39853010
39844180
39843522
39842302
39841201
39838431
41853508
39835966
39833341
39831966
39827989
39820425
39813598
39805250
39797569
39796296
39795000
39789436
39779716
39778056
39770612
39765196
39763902
39763640
39761739
41675709
39758340
39735176
39731826
39728494
39725445
39723822
39722326
39717273
39714168
39709798
39707511
39703701
39695983
39695297
39694116
39693966
39691431
39684246
39680691
39675462
39675442
39672231
39659426
39644773
39642737
39641861
39640398
39629129
39628383
39624158
39620359
39612216
39611812
39608199
39607975
39604809
39601556
39601555
39597593
39596262
39595275
39592704
39591767
39589588
39588199
39584815
39580871
39577582
39577368
39577267
39576476
39574606
39571716
39561704
39557257
39551110
39546167
39543167
39542187
39541983
39538341
39536991
39533168
39531444
39528052
39526896
39523344
39522897
39519025
39510362
39508089
39505912
39505908
39500545
39492104
39478626
39478562
39477048
39475924
39468253
39458402
39458342
39457400
39456444
39440203
39438539
39432083
39431056
39427542
39427267
39426578
39426464
39426111
39420836
39418241
39413681
39410870
39407345
39405686
39402236
39399231
39385092
39379811
39376708
41676124
39357281
39354675
39351096
39349606
39347539
39340212
39323428
39322164
39320367
39318427
39315779
39313845
39313703
39309265
39306146
39301264
39300575
39298952
39296299
39290662
39277616
39277613
39275913
39275258
39270978
39270881
39268238
39265811
39256682
39256599
39253815
39248477
39246231
39243135
39235557
39232318
39221872
39217664
39216617
39210977
39210818
39203404
39202331
39201260
39189780
39186744
39182227
39180723
39175129
39170628
39168909
39165393
39162518
39159729
39159427
39154578
39149494
39147334
39146704
39142421
39140734
39139377
39113128
39111271
39110709
39108084
39107841
39094546
39089643
39085298
39080821
39080726
39079980
39071345
39070656
39067396
39063072
39060267
39056112
39050629
39043353
39039075
39037720
39037634
39037312
39030898
39030691
39030654
39027090
39024692
39023128
39020259
39019160
39014939
39002480
39000530
38998039
38990027
38989659
38986408
38982915
38982403
38977718
38977109
38977060
38975795
38975760
38973153
38969657
38968121
38966245
38960872
38951816
38945001
38943206
38940510
38931255
38930552
38929370
38923598
38920000
38916334
38914648
38911084
38910254
38902926
38900289
38895717
38892546
38879636
38870614
38864950
38862069
38851338
38849107
38846786
38845047
38833830
38825773
38820878
38820703
38819818
38815878
38814931
38810582
38807988
38803448
38800748
38799799
38799727
38792807
38792711
38784654
38780275
38775898
38771858
38763011
38757812
38755047
38745980
38742910
38742878
38735389
38733121
38723876
38722758
38718521
38715137
38711779
38701628
38699479
38697408
38695096
38694752
38692848
38690316
38685762
38684965
38675716
38674701
38674657
38672421
38671923
38668783
38664929
38662518
38658654
38651859
38647315
38643745
38643098
38640403
38638558
38636385
38635321
38627869
38625103
38613119
38608741
38606356
38594229
38593566
38591043
38579995
38575861
38565017
38556024
38555432
38550938
38549118
38546528
38539968
38534158
38533674
38529182
38527398
38520323
38519112
38519004
38503977
38502690
38498111
38497257
38485034
38483744
38483509
38481663
38469667
38461199
38451230
38443405
38441977
38422109
38421192
38420673
38412016
38411058
38400721
38396840
38396543
38384302
38375831
38374121
38366194
38350466
41853558
38349437
38349151
38347598
38341424
38336077
38333588
38332701
38331218
38329353
38329115
38321177
38317217
38312103
38309691
38309340
38309231
38306257
38305171
38305096
38302438
38288819
38287457
38281699
38273006
38259106
38258019
38254505
38254365
38252058
38249446
38245554
38245349
38231315
38231265
38229330
38219578
38217406
38212429
38212383
38203712
38194811
38191834
38188576
38188569
38186252
38182626
38181823
38171069
38170981
38167330
38163076
38147943
38147149
38145758
38139356
38139130
38138066
38137965
38136701
38133228
38114436
38108689
38108654
38104411
38100390
38098653
38092264
38085089
38079031
38076955
38075901
38072228
38068802
38067023
38066426
38062990
38056640
38036425
38033561
38031339
38004740
38001502
38001079
37999031
37993724
37991826
37987083
37981184
37979958
37979711
37974103
37972468
37970497
37962419
37960282
37958120
37949212
37946266
37940330
37937647
37936065
37924576
37909786
37908544
37908118
37906569
37898635
37894077
37889679
37877794
37875797
37871736
37858797
37855604
37853813
37835689
37830846
37830742
37828802
37822757
37810788
37806587
37805557
37803714
37801779
37792060
37784018
37779688
37777765
37764032
37752615
37752225
37749431
37748599
37747192
37744933
37736390
37731932
37714224
37705113
37704113
37700351
37699793
37697496
37695076
37684694
37684524
37675433
37670231
37666200
37662279
37661068
37659809
37650630
37650612
37648194
37645712
37638757
37630578
37630519
37621874
37621652
37620768
37620319
37615434
37610102
37606634
37584728
37580828
37573429
37569608
37550758
37541570
37537673
37525231
37525141
37524154
37508100
37505576
37504575
37499616
37497061
37496083
37493577
37490989
37485826
37479827
37478939
37473695
37470119
37465027
37462611
37452210
37450589
37445967
37444034
37440367
37439777
37434868
37429473
37428087
37413963
37401755
37400907
37399986
37398675
37394467
37386075
37384524
37374982
37369278
37358243
37355675
37355217
37347191
37346030
37345674
37339742
37333647
37325710
37323917
37317330
37317182
37304849
37301103
37298198
37290656
37286586
37280708
37279755
37273228
37272702
37269991
37258862
37258543
37255458
37252382
37249588
37245209
37238082
37238063
37231976
37225687
37224782
37215132
37215025
37209654
37208728
37206333
37202719
37202543
37201335
37194081
37186232
37183784
37183345
37178843
37178644
37178322
37175619
37166318
37166164
37158970
37152756
37145290
37145100
37141097
37140369
37133385
37129524
37118882
37118698
37110500
37110298
37100380
37100093
37097162
37090719
37087457
37085482
37081021
37069233
37056746
37056740
37052498
37052495
37049841
37047647
37027929
37027361
37020716
37019075
37005428
37004685
36996123
36993518
36992396
36990340
36990166
36985338
36977954
36943061
36930202
36927795
36922761
36921777
36920238
36915549
36915382
36910168
36906632
36896179
36879316
36869370
36860485
36846779
36846268
36839325
36838868
36837868
36835663
36830429
36830274
36827387
36823480
36820999
36817471
36807409
36804561
36798135
36794931
36792209
36790661
36765824
36759753
36744984
36741899
36737703
36722794
36719194
36715883
36715435
36711483
36710967
36699586
36699263
36678135
36677368
36672969
36646037
36640575
36638091
36634616
36627827
36625575
36624306
36608812
36604114
36598237
36598235
36593662
36590585
36587599
36584150
36575413
36566015
36565853
36565637
36560955
36558391
36557612
36549300
36548827
36539569
36533929
36532542
36522762
36518379
36518262
36517909
36513659
36511688
36504762
36496925
36496896
36496380
36496062
36475916
36475774
36474293
36472670
36466637
36466423
36461373
36458196
36449022
36448791
36434671
36430197
36427828
36427721
36411435
36401832
36399059
36389228
36386721
36386659
36375784
36371056
36368924
36364726
36356857
36331819
36331337
36326884
36322250
36321901
36318011
36296333
36290512
36290099
36288294
36279689
36275026
36270377
36251393
36232865
36231135
36230372
36226871
36225905
36225357
36221927
36219101
36216056
36212851
36210003
36208825
36208631
36204330
36194530
36193874
36181381
36179649
36175462
36174681
36174380
36167169
36165828
36160848
36160207
36155629
36144180
36142744
36140732
36139998
36135388
36125286
36119925
36112078
36109557
36105149
36094201
36085351
36084068
36056619
36056292
36049483
36047200
36045431
36036626
36029916
36005344
36003944
38077626
35995802
35992659
35989412
35986094
37938667
38647897
35967852
35963228
35962889
35956844
35953616
35950862
35945331
35941112
35939214
35935588
35934074
35930195
35923413
35923394
35922873
35918353
35914559
35913177
35911731
35907589
35906393
35901372
35897801
35892598
35892380
35889095
35880887
35858888
35858469
35846762
35837785
35814682
35814657
35804768
35799838
35794639
35792945
35783415
35782152
35780445
35777903
35773309
35763072
35752737
35751084
35751037
35749534
35749527
35744684
35741032
35722280
35719330
35718910
35718758
35716556
35713834
35707172
35705722
35702025
35698614
35690209
35681493
35678705
35675291
35669004
35668757
35664067
35660864
35654195
35642928
35641653
35625259
35624491
35618944
35618126
35613310
35601103
35597403
35595857
35588986
35583811
35579684
35566348
35565725
35562600
35559844
35550744
35538082
35533914
35528135
35526726
35526643
35525356
35516807
35507858
35506233
38868570
35502903
35501923
35499050
35495724
35495718
35495650
37915425
35477134
35476894
35468931
35467389
35467318
35464928
35463645
35460847
35456777
35449330
35440728
35437874
35437627
35437328
35436900
35434041
35416680
35411589
35409014
35402298
35400171
35399616
35392807
35387878
35382031
35369477
35367886
35346845
35346469
35346308
35345588
35344714
35342733
35328781
35323827
35315566
35301363
35300678
35298549
35298370
35293806
35291481
35286304
35282279
35281446
35280539
35277009
35273743
35272717
35272716
35262396
35246246
35240353
35232776
35230155
35229726
35227465
35222847
35216552
35211100
35208787
35194021
35191911
35187178
35185872
35185856
35184756
35184054
35175775
35171009
35158077
35151255
35147634
35141306
35140888
35136548
35135621
35129656
35108565
35108450
35103093
35102501
35094708
35088527
35086715
35084011
35076024
35068604
35056554
35051309
35048279
35023810
35019699
35014712
34984487
34980289
34975785
34974121
34972143
34970262
34965016
34964882
34956130
34950117
34939130
34930242
34910917
34906228
34903850
34894514
34880836
36619855
34873691
34862599
34862421
34861636
34857933
34857055
34851181
34851167
34844317
34843867
34836246
34836145
34835287
34828011
34825657
34824318
34824201
34821239
34802820
34795385
34795236
34792102
34786660
34784973
34764945
34763597
34752869
34745023
34742104
34737748
34733252
34732245
34711286
34710422
34707567
34690980
34684657
34683436
34664588
34648730
34639598
34632012
34630342
34623538
34617511
34613750
34608480
34608200
34600010
34598739
34579036
34564366
34563039
34548111
34530620
34522855
34520120
34514619
34508122
34504662
34504661
34496124
34494932
34490397
34484168
34473943
34469017
34463576
34458021
34455974
34453585
34438711
34414128
34413837
34409603
34407839
34401412
34370660
34359268
34355428
34354708
34346509
34339936
34332648
34325744
34301966
34296337
34283837
34277753
34264153
34258643
34252569
34239536
34199731
34189610
34176489
34174174
34163447
34163442
34149685
34144563
34141474
34140940
34139588
34133198
34126977
34111469
34109451
34102480
34095150
34092246
34088956
34082069
34081101
34080630
34079556
34069175
34058528
34047390
34044834
34040632
34028144
34026772
34024606
34006323
33995413
33990699
33989681
33980682
33980678
33975971
33975936
33974954
33973321
33970781
33966342
33962692
33957869
33945308
33919869
33894059
33886562
33868800
33863898
33863703
33863395
33824199
33820988
33816333
33815284
33809267
33800578
33795522
33786661
33781870
33781335
33766942
33764993
33746772
33738881
33725532
33723324
33717014
33714730
33706240
33685682
33676490
33673349
33670496
33669471
33663618
33633180
33627510
33613473
33604305
33602895
33597514
33588951
33579191
33575609
33570553
33552594
33552039
33547877
33545322
33536078
33535685
33526884
33525627
33518063
33517011
33516253
33509508
33509277
33508686
33502259
33499981
33482928
33469669
33468221
33433545
33428153
33424798
33424792
33414326
33413361
33413128
33407614
33395552
33392758
33392673
33389354
33386517
33382948
33375982
33372654
33369229
33364453
33354421
33335515
33310720
33292949
33272789
33270717
33260795
33250883
33250443
33249136
33246225
33240966
33233570
33233565
33232877
33228779
33224899
33218339
33202274
33194990
33188211
33187992
33185493
33178145
33162984
33144315
33103254
33075172
33067706
33063083
33036549
33024551
32998681
32994293
32992082
32988512
32968071
32957565
32948523
32946867
32945998
32927823
32919016
32898701
32882233
32874052
32864518
32861142
32858186
32848005
32846589
32845369
32840567
32832077
32825244
32817384
32816085
32812361
32793154
32787773
32774330
32772670
32772242
32765533
32758760
32756645
32751315
32748559
32747713
32747272
32743520
32737543
32733435
32729971
32704056
32687904
32676061
32670122
32663105
32663059
32634615
32617829
32591376
32587943
32582053
32580805
32576848
32550611
32531278
32512648
32508155
32488118
32487781
32485282
32482859
32479635
32479018
32478081
32477320
32471941
32466241
32463954
32450738
32442592
32435232
32430404
32423436
32410629
32389951
32388254
32385374
32369165
32356546
32356337
32349400
32345342
32341166
32337106
32328670
32319677
32313421
32305646
32303546
32292931
32269557
32266563
32265914
32256492
32245246
32231141
32228448
32226996
32226419
32210948
32208434
32204699
32194513
32184361
32179689
32176728
32168729
32159537
32157464
32156796
32156316
32155146
32145354
32145322
32130896
32123275
32123204
32122398
32117147
34435164
32099013
32097599
32095380
32093782
32093685
32075341
32050327
32043695
32041654
32038587
32031212
32015497
32014483
32007775
32005736
31998265
31988303
31979034
31978162
31965894
31964767
31953333
31928131
31925997
31924621
31924109
31919742
31911589
31896132
31894392
31889105
31884727
31870316
31870295
31848308
31837260
31837163
31835231
31830598
31830158
31825977
31825967
31822775
31821372
31818246
31785113
31776248
31773170
31759944
31758238
31757632
31750036
31736931
31736262
31733968
31726738
31723038
31708889
31707781
31707285
31705042
31698863
31697678
31682032
31666597
31652812
33499940
31641523
31635158
31619307
31602443
31601060
31576623
31564708
31562300
31560340
31552140
31545802
31541154
31541115
31531910
31528670
31523007
31489883
31481973
31475121
31473511
31471306
31465735
31465520
31461893
31461453
31455640
31445216
31426820
31417554
31417524
31411705
31411526
31404163
31401318
31354669
31338107
31337187
31336215
31332325
31325042
31321385
31316478
31315667
31309006
31292233
31284329
31280331
31275260
31269412
31250899
31244784
31240754
31219789
31218123
31214136
31207357
31205409
31199864
31196622
31191488
31164469
31150394
31138833
31138751
31137766
31119300
31101528
31095619
31092601
31091345
31066111
31061496
31055020
31054103
31048728
31046662
31036935
31021333
31020042
30995938
30981666
30964393
30953134
30944520
30918057
30914068
30900006
30891034
30885689
30867497
30852460
30851368
30833676
30824791
30814921
30809304
30796295
30787921
30782206
30773139
30771735
30765765
30762914
30728470
30706916
30696861
30683920
30683856
30680877
30660184
30658973
30658400
30643213
30635018
30623233
30610284
30609847
30604012
32159077
30562162
30555706
30543873
30538693
30532085
30526624
30518356
30504145
30502941
30509257
30499334
30482240
30472727
30450395
30425894
30420838
30417114
30406643
30405201
30397546
30368579
30366990
30346069
30337568
30333180
30320222
30309375
30301067
30296008
30284469
30278220
30270610
30262950
30258408
30246365
30233512
30189365
30168288
30152893
30149004
30143657
30138419
30135468
30127329
30127280
30116044
30115879
30095376
30086347
30083467
30076897
30074661
30073560
30069307
30066173
30065719
30064352
30058657
30026889
30017197
30016149
30013164
30010734
29995839
29988353
29984842
29963641
29962963
29950381
29914145
29911322
29907938
29906260
29903041
29898983
29878200
29875764
29871482
29862448
29802796
29802288
29800328
29794055
29790949
29789027
29780377
29778183
29773876
29765359
29762899
29739469
29729565
29719871
29705422
29692798
29692770
29691748
29689301
29686603
29682427
29670191
29651010
29633335
29629413
29624164
29621980
29601586
29587819
29577121
29540269
29539590
29528548
29520598
29511180
29503636
29494510
29487856
29469169
29465338
29459707
29454999
29439741
29427518
29416567
29416123
29415902
29380873
29375532
29363671
29356515
29354108
29328543
29317592
29311457
29301569
29282825
29281673
29275129
29270447
31304250
29201150
29198875
33525770
29182421
29171095
29167663
29159825
29142285
29124770
29123512
29112136
29101024
29097220
29087008
29081768
29038461
29018423
28973555
28968517
28947833
28904137
28891744
28887494
28849048
28848539
28841911
28833934
28821731
28801990
28790203
28783248
28779118
28768551
28761060
28751883
28745827
28725398
28720731
28690599
28674682
28668709
28662574
28662572
28646502
28624689
28610994
28607413
28606169
28605130
28553263
28545131
28543918
28543188
28525602
28523395
28491055
28479399
28475713
28473812
28441394
28436439
28424669
28422970
28417460
28407078
28401612
28390422
28390070
28349946
28345059
28320307
28285599
28256031
28246016
28245817
28239436
28234468
28232956
28220109
28191503
28183172
28182951
28176851
28176435
28167213
28165194
28083922
28070087
27998035
27976718
27925857
27915284
27912059
27876778
27876765
27869789
27860093
27858139
27821485
27801992
27801835
27783988
27713958
27709286
27708630
27703179
27670113
27665238
27643971
27628212
27621225
27608918
27559357
27554980
27550859
27458785
27454254
27453351
27446044
27368709
29544827
27315483
27301250
27288420
27268458
27255518
27242691
27242374
27208774
27180722
27169388
27148189
27117007
27106050
27072196
27065983
27052538
27026373
27012191
27007819
26989200
26986573
26962896
26925326
26905381
26884164
26709835
26676710
26659594
26638243
26633470
26607965
26579434
28943629
26511795
26509834
26500698
26479188
26473721
26423395
26420038
26388849
26336637
26323630
26320104
26319658
26315488
26305682
26258869
26234684
26189342
26168244
26167280
26150661
26147095
26143242
26123276
26102287
26101080
26070414
26070001
26058415
26048941
26046242
25973144
25960327
25903360
25813857
25663091
25652653
25635690
25625313
25614621
25609144
25608871
25604266
25598242
25575311
27682116
25538865
25524569
25423494
25382376
25336723
25304507
25271286
25263745
25246537
25232735
25208077
25204516
25183073
25080446
25048881
25024222
25010839
25007784
24973096
24912178
24882755
24860552
24809191
24694712
24584416
24522263
24467930
24413286
24348232
24327339
24256454
24212578
24204633
24136777
24118574
24102776
23889584
23874908
23871375
23840722
23840608
23823492
23741344
23672637
23662775
23646192
23608959
23482581
23365392
23326376
23326236
23251574
23251564
23216677
23209704
23111871
23075436
23060052
23053958
22963241
22853923
22828956
22711827
22617141
22544239
22493085
22307632
22267340
22265636
23990811
22162948
22128350
22006317
21970572
21935609
21881944
21655220
21575148
21486635
21431771
21365277
21228220
21167876
20926643
20668486
19706296
19515552
18698804
18698407
18407065
17435000
17183312
17138901
17132046
16968696