17138901
17183312
17435000
18698407
18698804
19515552
19706296
20668486
20926643
21167876
21228220
21365277
21431771
21486635
21655220
21881944
21935609
21970572
22267340
22307632
22544239
22617141
22711827
22828956
22963241
23053958
23060052
23075436
23111871
23251564
23251574
23326236
23326376
23365392
23608959
23646192
23662775
23672637
23741344
23874908
23990811
24118574
24212578
24256454
24348232
24413286
24467930
24522263
24584416
24694712
24809191
24860552
24882755
25048881
25080446
25183073
25204516
25208077
25232735
25246537
25263745
25271286
25304507
25538865
25575311
25598242
25608871
25609144
25614621
25635690
25663091
25813857
25903360
25960327
26102287
26123276
26147095
26150661
26168244
26189342
26234684
26258869
26305682
26315488
26473721
26479188
26500698
26509834
26579434
26607965
26633470
26638243
26709835
26925326
26962896
26986573
26989200
27007819
27026373
27052538
27065983
27072196
27106050
27117007
27148189
27169388
27180722
27208774
27242691
27268458
27288420
27301250
27368709
27446044
27453351
27458785
27550859
27559357
27621225
27643971
27665238
27670113
27682116
27703179
27713958
27783988
27801992
27821485
27858139
27869789
27912059
27925857
27976718
28070087
28083922
28183172
28220109
28245817
28246016
28285599
28390070
28401612
28407078
28424669
28436439
28441394
28491055
28523395
28525602
28543918
28545131
28553263
28607413
28610994
28624689
28662572
28662574
28668709
28674682
28690599
28725398
28745827
28751883
28768551
28779118
28790203
28801990
28833934
28841911
28887494
28943629
28968517
28973555
29018423
29038461
29081768
29142285
29159825
29198875
29201150
29275129
29282825
29301569
29311457
29317592
29356515
29363671
29375532
29380873
29415902
29416123
29427518
29459707
29469169
29494510
29511180
29520598
29528548
29544827
29577121
29587819
29601586
29629413
29651010
29682427
29686603
29692770
29705422
29729565
29739469
29789027
29794055
29802288
29802796
29862448
29871482
29875764
29878200
29903041
29907938
29911322
29914145
29962963
29963641
29984842
30058657
30065719
30066173
30073560
30095376
30115879
30127280
30127329
30138419
30143657
30189365
30258408
30278220
30284469
30333180
30337568
30346069
30397546
30405201
30417114
30425894
30450395
30472727
30482240
30499334
30502941
30504145
30526624
30555706
30609847
30610284
30623233
30635018
30643213
30658400
30683920
30706916
30762914
30771735
30773139
30787921
30809304
30851368
30867497
30891034
30900006
30964393
31020042
31021333
31036935
31048728
31054103
31055020
31066111
31092601
31095619
31119300
31150394
31164469
31199864
31207357
31214136
31218123
31219789
31275260
31292233
31304250
31309006
31332325
31337187
31338107
31354669
31401318
31411705
31426820
31461453
31473511
31475121
31481973
31489883
31528670
31541115
31541154
31552140
31576623
31601060
31602443
31641523
31682032
31705042
31707285
31707781
31723038
31733968
31736262
31736931
31758238
31773170
31776248
31818246
31822775
31830158
31835231
31837163
31848308
31870295
31884727
31889105
31894392
31896132
31911589
31919742
31924109
31964767
31988303
31998265
32005736
32007775
32043695
32093782
32095380
32097599
32099013
32117147
32123204
32130896
32145354
32156316
32156796
32157464
32159537
32176728
32179689
32184361
32226996
32228448
32231141
32266563
32269557
32303546
32305646
32319677
32328670
32341166
32345342
32356546
32369165
32385374
32389951
32410629
32430404
32442592
32450738
32463954
32471941
32477320
32482859
32485282
32487781
32488118
32512648
32550611
32576848
32591376
32634615
32663105
32670122
32676061
32687904
32729971
32733435
32737543
32747272
32747713
32751315
32756645
32765533
32772242
32772670
32816085
32825244
32832077
32840567
32845369
32846589
32861142
32874052
32882233
32919016
32946867
32992082
32994293
32998681
33036549
33067706
33075172
33103254
33144315
33162984
33178145
33187992
33188211
33194990
33202274
33224899
33228779
33232877
33233565
33233570
33240966
33250443
33250883
33260795
33272789
33354421
33372654
33375982
33392673
33392758
33407614
33424792
33424798
33428153
33433545
33508686
33509277
33509508
33517011
33518063
33525770
33526884
33536078
33545322
33547877
33552039
33575609
33579191
33597514
33602895
33613473
33633180
33669471
33670496
33673349
33685682
33714730
33717014
33723324
33746772
33764993
33781335
33786661
33795522
33809267
33816333
33820988
33863898
33886562
33966342
33974954
33975971
33989681
34006323
34028144
34044834
34058528
34069175
34081101
34092246
34102480
34126977
34133198
34140940
34141474
34163442
34163447
34189610
34199731
34239536
34258643
34283837
34296337
34332648
34339936
34346509
34354708
34359268
34409603
34413837
34438711
34455974
34458021
34463576
34490397
34494932
34496124
34504661
34504662
34522855
34600010
34608200
34617511
34630342
34632012
34639598
34648730
34664588
34683436
34684657
34690980
34707567
34732245
34733252
34745023
34752869
34763597
34786660
34792102
34795236
34795385
34802820
34821239
34824201
34825657
34836145
34836246
34851167
34857055
34857933
34862421
34862599
34873691
34894514
34930242
34939130
34950117
34970262
34972143
34974121
34980289
34984487
35019699
35056554
35068604
35076024
35084011
35086715
35088527
35094708
35102501
35108450
35129656
35135621
35140888
35147634
35171009
35175775
35184054
35184756
35211100
35216552
35227465
35229726
35232776
35273743
35277009
35281446
35293806
35298549
35315566
35328781
35342733
35346308
35346469
35346845
35369477
35382031
35400171
35409014
35411589
35437874
35440728
35460847
35463645
35467318
35476894
35477134
35495650
35495724
35507858
35526726
35533914
35550744
35562600
35565725
35566348
35588986
35597403
35613310
35618126
35624491
35641653
35660864
35668757
35669004
35678705
35681493
35690209
35698614
35705722
35707172
35713834
35716556
35718758
35718910
35719330
35722280
35741032
35749527
35751037
35763072
35777903
35780445
35782152
35792945
35799838
35804768
35837785
35846762
35880887
35892598
35897801
35901372
35911731
35913177
35918353
35930195
35934074
35935588
35941112
35945331
35953616
35956844
35962889
35967852
35986094
36029916
36036626
36047200
36049483
36056292
36085351
36105149
36135388
36140732
36142744
36155629
36160207
36174681
36175462
36179649
36193874
36204330
36208631
36208825
36212851
36225905
36226871
36230372
36251393
36270377
36275026
36279689
36322250
36356857
36371056
36375784
36389228
36399059
36401832
36427828
36430197
36448791
36449022
36458196
36461373
36466637
36475916
36496062
36513659
36517909
36518262
36518379
36532542
36548827
36549300
36557612
36565637
36565853
36566015
36584150
36587599
36590585
36598235
36598237
36608812
36627827
36634616
36646037
36672969
36677368
36678135
36699586
36711483
36715435
36715883
36741899
36744984
36790661
36792209
36804561
36807409
36817471
36823480
36827387
36830274
36830429
36837868
36838868
36839325
36906632
36915549
36922761
36927795
36977954
36985338
36990166
36990340
36996123
37019075
37020716
37027929
37047647
37049841
37052495
37052498
37056740
37069233
37081021
37097162
37110298
37118882
37129524
37145100
37166164
37178322
37183345
37186232
37201335
37202543
37202719
37206333
37215132
37225687
37245209
37252382
37258543
37272702
37279755
37290656
37317182
37323917
37325710
37333647
37339742
37345674
37346030
37355217
37369278
37374982
37384524
37394467
37398675
37400907
37401755
37413963
37429473
37462611
37470119
37478939
37479827
37496083
37499616
37505576
37508100
37524154
37541570
37550758
37573429
37580828
37584728
37606634
37615434
37621874
37630519
37638757
37645712
37650612
37659809
37661068
37662279
37675433
37684524
37684694
37695076
37699793
37700351
37704113
37714224
37731932
37736390
37744933
37748599
37764032
37779688
37784018
37801779
37805557
37806587
37810788
37822757
37835689
37853813
37855604
37871736
37875797
37889679
37894077
37898635
37906569
37908118
37908544
37924576
37940330
37946266
37949212
37958120
37960282
37962419
37970497
37979711
37979958
37987083
37991826
37999031
38001079
38001502
38033561
38036425
38056640
38062990
38066426
38075901
38076955
38077626
38079031
38085089
38092264
38098653
38100390
38114436
38136701
38147149
38181823
38182626
38186252
38188569
38194811
38212383
38212429
38219578
38245349
38245554
38249446
38252058
38254505
38259106
38287457
38288819
38302438
38306257
38309231
38309340
38329353
38332701
38333588
38341424
38347598
38349437
38350466
38374121
38375831
38396543
38400721
38411058
38412016
38421192
38422109
38461199
38469667
38485034
38502690
38503977
38519112
38520323
38527398
38534158
38539968
38549118
38550938
38591043
38593566
38594229
38613119
38625103
38635321
38636385
38638558
38643745
38651859
38668783
38671923
38672421
38674657
38674701
38675716
38695096
38715137
38733121
38742878
38742910
38755047
38763011
38771858
38784654
38799727
38799799
38803448
38810582
38814931
38846786
38849107
38862069
38879636
38902926
38911084
38914648
38920000
38929370
38940510
38945001
38951816
38960872
38966245
38968121
38969657
38977060
38977109
38977718
38982403
38982915
38986408
38989659
38990027
38998039
39000530
39019160
39024692
39043353
39050629
39056112
39060267
39063072
39071345
39080821
39085298
39094546
39108084
39110709
39111271
39113128
39140734
39146704
39147334
39159427
39159729
39165393
39170628
39180723
39189780
39201260
39203404
39210818
39210977
39216617
39217664
39221872
39246231
39256599
39256682
39265811
39268238
39296299
39298952
39306146
39309265
39313845
39320367
39322164
39340212
39357281
39376708
39407345
39410870
39426578
39427542
39432083
39457400
39458342
39458402
39468253
39477048
39492104
39510362
39522897
39523344
39526896
39528052
39531444
39533168
39542187
39557257
39561704
39571716
39576476
39577267
39584815
39589588
39591767
39592704
39595275
39596262
39601556
39604809
39607975
39608199
39611812
39612216
39628383
39629129
39642737
39675462
39691431
39693966
39694116
39695297
39735176
39758340
39765196
39770612
39778056
39796296
39797569
39831966
39833341
39835966
39841201
39842302
39844180
39853010
39854991
39873521
39875095
39891262
39894202
39902954
39912643
39915809
39917835
39919372
39929376
39935633
39936895
39946873
39951352
39951448
39953749
39979617
39981802
40003742
40003915
40005052
40005715
40016544
40032028
40038232
40047424
40056781
40057258
40063888
40069605
40072088
40075219
40076036
40078943
40082024
40086306
40087549
40090144
40091534
40101486
40116459
40126388
40140706
40149936
40158829
40176137
40176190
40187012
40192235
40199830
40202719
40205678
40209373
40211688
40212922
40215391
40241768
40247632
40252307
40252553
40253770
40254701
40258509
40262434
40269059
40281970
40288073
40301729
40309103
40320901
40324646
40327160
40328090
40339249
40344252
40347566
40348945
40349120
40350102
40354675
40360994
40372916
40398297
40405076
40410832
40421996
40431358
40431505
40434086
40445192
40475154
40481853
40528807
40532535
40532861
40535009
40541123
40544677
40551486
40563261
40578039
40584035
40600712
40602565
40614652
40631147
40643197
40645526
40653476
40654714
40660868
40661950
40662533
40663882
40667647
40680679
40691217
40695592
40706488
40719501
40725341
40726156
40730483
40749338
40762941
40772734
40784175
40795725
40832781
40832979
40833797
40845582
40854639
40855911
40871296
40878918
40880127
40894694
40895097
40902348
40903950
40919801
40939728
40940575
40945093
40946456
40961667
40980884
40997471
40999305
41000896
41010544
41015602
41019405
41019524
41030555
41035224
41046693
41060580
41064842
41079637
41082055
41087617
41100443
41110291
41110566
41115834
41117680
41128412
41138182
41147782
41153865
41153961
41159034
41171541
41183487
41203007
41204634
41218045
41218490
41222145
41228409
41231285
41236809
41253025
41279255
41279399
41280077
41285454
41290836
41297516
41306589
41308447
41316344
41323881
41330099
41352476
41354765
41365051
41371128
41373768
41379245
41387308
41409544
41411799
41412647
41429195
41432144
41432437
41435895
41448339
41461466
41463940
41465696
41471929
41481471
41485293
41485666
41499817
41501865
41511078
41512763
41514742
41514837
41519314
41524778
41526820
41529631
41542073
41549250
41552936
41560354
41562094
41564978
41594879
41597216
41618858
41629580
41638014
41640388
41642529
41645054
41651389
41655382
41668731
41671813
41671957
41674575
41680341
41697296
41699049
41699596
41704848
41708187
41717089
41724868
41729207
41730403
41732362
41737133
41741786
41742841
41751100
41756445
41762333
41772715
41775000
41776310
41782011
41786764
41789923
41792614
41792922
41794459
41801284
41802510
41828944
41840154
41842581
41846078
41853508
41853558
41863933
41865866
41866358
41886955
41889866
41892593
41896639
41901100
41903099
41903463
41904606
41910214
41911519
41919563
41937718
41940273
41951635
41953110
41958322
41963968
41965517
41972428
41973308
41975427
41985316
41990029
42000463
42001834
42002296
42002784
42004407
42010713
42012066
42014006
42016568
42021075
42041929
42043697
42046064
42050727
42051014
42059571
42068877
42091967
42098871
42100978
42103708
42103925
42103932
42105460
42113401
42132916
42134644
42140051
42147179
42156216
42159959
42162574
42164318
42172982
42184066
42186028
42197004
42197470
42200417
42201143
42207030
42207344
42216221
42219044
42219901
42222901
42233654
42237982
42239166
42240953
42242027
42244002
42249511
42262077
42262118
42264245
42267567
42270261
42271557
42275884
42276346
42278324
42282268
42282812
42295179
42295521
42296622
42300931
42301089
42301501
42301503
42307995
42312182
42324618
42326413
42341885
42344668
42345817
42346775
42348335
42351266
42352384
42353029
42353476
42354826
42366391
42370747
42371248
42376574
42376617
42381037
42381379
42385456
42387604
42388191
42394335
42397430