34006323
33995413
33990699
33989681
33980682
33980678
33975971
33975936
33974954
33973321
33970781
33966342
33962692
33957869
33945308
33919869
33894059
33886562
33868800
33863898
33863703
33863395
33824199
33820988
33816333
33815284
33809267
33800578
33795522
33786661
33781870
33781335
33766942
33764993
33746772
33738881
33725532
33723324
33717014
33714730
33706240
33685682
33676490
33673349
33670496
33669471
33663618
33633180
33627510
33613473
33604305
33602895
33597514
33588951
33579191
33575609
33570553
33552594
33552039
33547877
33545322
33536078
33535685
33526884
33525627
33518063
33517011
33516253
33509508
33509277
33508686
33502259
33499981
33482928
33469669
33468221
33433545
33428153
33424798
33424792
33414326
33413361
33413128
33407614
33395552
33392758
33392673
33389354
33386517
33382948
33375982
33372654
33369229
33364453
33354421
33335515
33310720
33292949
33272789
33270717
33260795
33250883
33250443
33249136
33246225
33240966
33233570
33233565
33232877
33228779
33224899
33218339
33202274
33194990
33188211
33187992
33185493
33178145
33162984
33144315
33103254
33075172
33067706
33063083
33036549
33024551
32998681
32994293
32992082
32988512
32968071
32957565
32948523
32946867
32945998
32927823
32919016
32898701
32882233
32874052
32864518
32861142
32858186
32848005
32846589
32845369
32840567
32832077
32825244
32817384
32816085
32812361
32793154
32787773
32774330
32772670
32772242
32765533
32758760
32756645
32751315
32748559
32747713
32747272
32743520
32737543
32733435
32729971
32704056
32687904
32676061
32670122
32663105
32663059
32634615
32617829
32591376
32587943
32582053
32580805
32576848
32550611
32531278
32512648
32508155
32488118
32487781
32485282
32482859
32479635
32479018
32478081
32477320
32471941
32466241
32463954
32450738
32442592
32435232
32430404
32423436
32410629
32389951
32388254
32385374
32369165
32356546
32356337
32349400
32345342
32341166
32337106
32328670
32319677
32313421
32305646
32303546
32292931
32269557
32266563
32265914
32256492
32245246
32231141
32228448
32226996
32226419
32210948
32208434
32204699
32194513
32184361
32179689
32176728
32168729
32159537
32157464
32156796
32156316
32155146
32145354
32145322
32130896
32123275
32123204
32122398
32117147
34435164
32099013
32097599
32095380
32093782
32093685
32075341
32050327
32043695
32041654
32038587
32031212
32015497
32014483
32007775
32005736
31998265
31988303
31979034
31978162
31965894
31964767
31953333
31928131
31925997
31924621
31924109
31919742
31911589
31896132
31894392
31889105
31884727
31870316
31870295
31848308
31837260
31837163
31835231
31830598
31830158
31825977
31825967
31822775
31821372
31818246
31785113
31776248
31773170
31759944
31758238
31757632
31750036
31736931
31736262
31733968
31726738
31723038
31708889
31707781
31707285
31705042
31698863
31697678
31682032
31666597
31652812
33499940
31641523
31635158
31619307
31602443
31601060
31576623
31564708
31562300
31560340
31552140
31545802
31541154
31541115
31531910
31528670
31523007
31489883
31481973
31475121
31473511
31471306
31465735
31465520
31461893
31461453
31455640
31445216
31426820
31417554
31417524
31411705
31411526
31404163
31401318
31354669
31338107
31337187
31336215
31332325
31325042
31321385
31316478
31315667
31309006
31292233
31284329
31280331
31275260
31269412
31250899
31244784
31240754
31219789
31218123
31214136
31207357
31205409
31199864
31196622
31191488
31164469
31150394
31138833
31138751
31137766
31119300
31101528
31095619
31092601
31091345
31066111
31061496
31055020
31054103
31048728
31046662
31036935
31021333
31020042
30995938
30981666
30964393
30953134
30944520
30918057
30914068
30900006
30891034
30885689
30867497
30852460
30851368
30833676
30824791
30814921
30809304
30796295
30787921
30782206
30773139
30771735
30765765
30762914
30728470
30706916
30696861
30683920
30683856
30680877
30660184
30658973
30658400
30643213
30635018
30623233
30610284
30609847
30604012
32159077
30562162
30555706
30543873
30538693
30532085
30526624
30518356
30504145
30502941
30509257
30499334
30482240
30472727
30450395
30425894
30420838
30417114
30406643
30405201
30397546
30368579
30366990
30346069
30337568
30333180
30320222
30309375
30301067
30296008
30284469
30278220
30270610
30262950
30258408
30246365
30233512
30189365
30168288
30152893
30149004
30143657
30138419
30135468
30127329
30127280
30116044
30115879
30095376
30086347
30083467
30076897
30074661
30073560
30069307
30066173
30065719
30064352
30058657
30026889
30017197
30016149
30013164
30010734
29995839
29988353
29984842