42397430
42394335
42388191
42387604
42385456
42381379
42381037
42376617
42376574
42371248
42370747
42366391
42354826
42353476
42353029
42352384
42351266
42348335
42346775
42345817
42344668
42341885
42326413
42324618
42312182
42307995
42301503
42301501
42301089
42300931
42296622
42295521
42295179
42282812
42282268
42278324
42276346
42275884
42271557
42270261
42267567
42264245
42262118
42262077
42249511
42244002
42242027
42240953
42239166
42237982
42233654
42222901
42219901
42219044
42216221
42207344
42207030
42201143
42200417
42197470
42197004
42186028
42184066
42172982
42164318
42159959
42156216
42147179
42140051
42139793
42139081
42134644
42132916
42121788
42121260
42120383
42113401
42111294
42106836
42105460
42104937
42103932
42103925
42103708
42100978
42100652
42098871
42091967
42083207
42075321
42069617
42068877
42067917
42066496
42059571
42059394
42055201
42051014
42050727
42046064
42044779
42043697
42041929
42039826
42036496
42034426
42021075
42019469
42016568
42014993
42014006
42012066
42010713
42010457
42004407
42002784
42002357
42002296
42001834
42000463
41998806
41996550
41996045
41994282
41990134
41990029
41985316
41980940
41975427
41973542
41973308
41972428
41971325
41971320
41969653
41966829
41965517
41963968
41961352
41958322
41953110
41951635
41951111
41940273
41937718
41935154
41934511
41933826
41928361
41925227
41921920
41921236
41919563
41918528
41912071
41911519
41910214
41910137
41904606
41904571
41903463
41903099
41901100
41900466
41897699
41896639
41893724
41892593
41892478
41889866
41887297
41886955
41881804
41877267
41866358
41865866
41863933
41863619
41862790
41854683
41846078
41842581
41840712
41840154
41834217
41828944
41828538
41814421
41802510
41801284
41798955
41794500
41794459
41792922
41792614
41789923
41787302
41786764
41784805
41784373
41782011
41778161
41776697
41776310
41775266
41775000
41772715
41771971
41770401
41768933
41762333
41762228
41759554
41757098
41756445
41754401
41754175
41751100
41742841
41741786
41740355
41737133
41736978
41734043
41732362
41730403
41729207
41724868
41724049
41717089
41715225
41715166
41714980
41714781
41708187
41707490
41704848
41700855
41699596
41699049
41698575
41697296
41696361
41696020
41691988
41680341
41679623
41674575
41673107
41671957
41671813
41668731
41655382
41651389
41651079
41648142
41645099
41645054
41644553
41642529
41640388
41639568
41638014
41634410
41629580
41627458
41619990
41619556
41619490
41619482
41618858
41618383
41618136
41611514
41598945
41597574
41597231
41597216
41596659
41594879
41588320
41585377
41572341
41567631
41564978
41562094
41560354
41558076
41552936
41549250
41547908
41547860
41543328
41542073
41540332
41539854
41539238
41539094
41529631
41526820
41524778
41521588
41519314
41514837
41514742
41514203
41512763
41511078
41508143
41502854
41501865
41499817
41485666
41485293
41481471
41478064
41471929
41468963
41466331
41465696
41463940
41463937
41461466
41456824
41455002
41453848
41451983
41448339
41448295
41435895
41432437
41432144
41429195
41428602
41422269
41412647
41411799
41409544
41404904
41403401
41401858
41399814
41396495
41394107
41392116
41391320
41391055
41390863
41389890
41389008
41388485
41387308
41385957
41379245
41378778
41373768
41371128
41367394
41366428
41365051
41358839
41354995
41354993
41354765
41352476
41340151
41330099
41323881
41321534
41316344
41310419
41308447
41306589
41305606
41302874
41297516
41296394
41291200
41290836
41289310
41285454
41280077
41279399
41279255
41271321
41269708
41264233
41262456
41261182
41253025
41249177
41239026
41236809
41231970
41231285
41230492
41228409
41222145
41218490
41218045
41204634
41203007
41197330
41192191
41188219
41183487
41180884
41177025
41172852
41171541
41163128
41160143
41159770
41159034
41153961
41153865
41148302
41147782
41143740
41143690
41138182
41128412
41121093
41117680
41115834
41112047
41110566
41110291
41108937
41106786
41101217
41100443
41093983
41092847
41088378
41087617
41083440
41082055
41079637
41075532
41068119
41064842
41060580
41059035
41046693
41044758
41043307
41043233
41040880
41039213
41035224
41030555
41029787
41026172
41019955
41019524
41019405
41015602
41015376
41014671
41011492
41010544
41007969
41000896
40999305
40997471
40989616
40980884
40977701
40972730
40972220
40971838
40969552
40966844
40961667
40946456
40945093
40943581
40943165
40940575
40939728
40929881
40919801
40911131
40903950
40902348
40895097
40894694
40894065
40892742
40890565
40882788
40878918
40877785
40871296
40870601
40869994
40864614
40859157
40880127