36830429
36830274
36827387
36823480
36820999
36817471
36807409
36804561
36798135
36794931
36792209
36790661
36765824
36759753
36744984
36741899
36737703
36722794
36719194
36715883
36715435
36711483
36710967
36699586
36699263
36678135
36677368
36672969
36646037
36640575
36638091
36634616
36627827
36625575
36624306
36608812
36604114
36598237
36598235
36593662
36590585
36587599
36584150
36575413
36566015
36565853
36565637
36560955
36558391
36557612
36549300
36548827
36539569
36533929
36532542
36522762
36518379
36518262
36517909
36513659
36511688
36504762
36496925
36496896
36496380
36496062
36475916
36475774
36474293
36472670
36466637
36466423
36461373
36458196
36449022
36448791
36434671
36430197
36427828
36427721
36411435
36401832
36399059
36389228
36386721
36386659
36375784
36371056
36368924
36364726
36356857
36331819
36331337
36326884
36322250
36321901
36318011
36296333
36290512
36290099
36288294
36279689
36275026
36270377
36251393
36232865
36231135
36230372
36226871
36225905
36225357
36221927
36219101
36216056
36212851
36210003
36208825
36208631
36204330
36194530
36193874
36181381
36179649
36175462
36174681
36174380
36167169
36165828
36160848
36160207
36155629
36144180
36142744
36140732
36139998
36135388
36125286
36119925
36112078
36109557
36105149
36094201
36085351
36084068
36056619
36056292
36049483
36047200
36045431
36036626
36029916
36005344
36003944
38077626
35995802
35992659
35989412
35986094
37938667
38647897
35967852
35963228
35962889
35956844
35953616
35950862
35945331
35941112
35939214
35935588
35934074
35930195
35923413
35923394
35922873
35918353
35914559
35913177
35911731
35907589
35906393
35901372
35897801
35892598
35892380
35889095
35880887
35858888
35858469
35846762
35837785
35814682
35814657
35804768
35799838
35794639
35792945
35783415
35782152
35780445
35777903
35773309
35763072
35752737
35751084
35751037
35749534
35749527
35744684
35741032
35722280
35719330
35718910
35718758
35716556
35713834
35707172
35705722
35702025
35698614
35690209
35681493
35678705
35675291
35669004
35668757
35664067
35660864
35654195
35642928
35641653
35625259
35624491
35618944
35618126
35613310
35601103
35597403
35595857
35588986
35583811
35579684
35566348
35565725
35562600
35559844
35550744
35538082
35533914
35528135
35526726
35526643
35525356
35516807
35507858
35506233
38868570
35502903
35501923
35499050
35495724
35495718
35495650
37915425
35477134
35476894
35468931
35467389
35467318
35464928
35463645
35460847
35456777
35449330
35440728
35437874
35437627
35437328
35436900
35434041
35416680
35411589
35409014
35402298
35400171
35399616
35392807
35387878
35382031
35369477
35367886
35346845
35346469
35346308
35345588
35344714
35342733
35328781
35323827
35315566
35301363
35300678
35298549
35298370
35293806
35291481
35286304
35282279
35281446
35280539
35277009
35273743
35272717
35272716
35262396
35246246
35240353
35232776
35230155
35229726
35227465
35222847
35216552
35211100
35208787
35194021
35191911
35187178
35185872
35185856
35184756
35184054
35175775
35171009
35158077
35151255
35147634
35141306
35140888
35136548
35135621
35129656
35108565
35108450
35103093
35102501
35094708
35088527
35086715
35084011
35076024
35068604
35056554
35051309
35048279
35023810
35019699
35014712
34984487
34980289
34975785
34974121
34972143
34970262
34965016
34964882
34956130
34950117
34939130
34930242
34910917
34906228
34903850
34894514
34880836
36619855
34873691
34862599
34862421
34861636
34857933
34857055
34851181
34851167
34844317
34843867
34836246
34836145
34835287
34828011
34825657
34824318
34824201
34821239
34802820
34795385
34795236
34792102
34786660
34784973
34764945
34763597
34752869
34745023
34742104
34737748
34733252
34732245
34711286
34710422
34707567
34690980
34684657
34683436
34664588
34648730
34639598
34632012
34630342
34623538
34617511
34613750
34608480
34608200
34600010
34598739
34579036
34564366
34563039
34548111
34530620
34522855
34520120
34514619
34508122
34504662
34504661
34496124
34494932
34490397
34484168
34473943
34469017
34463576
34458021
34455974
34453585
34438711
34414128
34413837
34409603
34407839
34401412
34370660
34359268
34355428
34354708
34346509
34339936
34332648
34325744
34301966
34296337
34283837
34277753
34264153
34258643
34252569
34239536
34199731
34189610
34176489
34174174
34163447
34163442
34149685
34144563
34141474
34140940
34139588
34133198
34126977
34111469
34109451
34102480
34095150
34092246
34088956
34082069
34081101
34080630
34079556
34069175
34058528
34047390
34044834
34040632
34028144
34026772
34024606