40874053
40865345
40854639
40862149
40855911
40849482
40846855
40848091
40845728
40845582
40833800
40833797
40833454
40832979
40832881
40832781
40832181
40819039
40817325
40812483
40810527
40810386
40795725
40794845
40790604
40785991
40784175
40784060
40772734
40765405
40762941
40753152
40752853
40749338
40744840
40739184
40732113
40731980
40730483
40726156
40725341
40724573
40723970
40719501
40709814
40707808
40706488
40703671
40702575
40697547
40695592
40694261
40693139
40691217
40687781
40683643
40680679
40674393
40671160
40667647
40663882
40662533
40661966
40661950
40660868
40660333
40654714
40653476
40649719
40647045
40646844
40645526
40643197
40640914
40640502
40635073
40631147
40630181
40624279
40622630
40614652
40602565
40600712
40586543
40584121
40584035
40578039
40576355
40565336
40563261
40562089
40558396
40556523
40554894
40554061
40551486
40548295
40544677
40544520
40544290
40541587
40541123
40535009
40533851
40532861
40532535
40528807
40523923
40520638
40517265
40507096
40502000
40501599
40499635
40495477
40493399
40488951
40486234
40482531
40481853
40475154
40472638
40472396
40469517
40468269
40463374
40459709
40445192
40442787
40438215
40434086
40431505
40431358
40428326
40428305
40421996
40411710
40410832
40407096
40405076
40398297
40396732
40388308
40383381
40373385
40372916
40369669
40360994
40354675
40354439
40350102
40349120
40348945
40347566
40344252
40342698
40339249
40338610
40335921
40328090
40327160
40326765
40324646
40322835
40320901
40311598
40310547
40309103
40304525
40302838
40301729
40294554
40291804
40290900
40288073
40287860
40284799
40284724
40281970
40269059
40267563
40266232
40262434
40259344
40258509
40254701
40253770
40252750
40252553
40252413
40252307
40252261
40247632
40241768
40236485
40235074
40232107
40226542
40215877
40215391
40212922
40211688
40211121
40209373
40205678
40202719
40199934
40199830
40194477
40192235
40187012
40185186
40176190
40176137
40172215
40170926
40169141
40165946
40165002
42162574
40158829
40157594
40151573
40150979
40149936
40140706
40129370
40126388
40119394
40116459
40102546
40101486
40094563
40091534
40090144
40087549
40086306
40082024
40078943
40077671
40076036
40075266
40075219
40072088
40069605
40064789
40063888
40058443
40057258
40056781
40047424
40047330
40043390
40038232
40037072
40032028
40029616
40016544
40007795
40005715
40005052
40004174
40003915
40003742
40000891
39983259
39981802
39979617
39970096
39968350
39968349
39966566
39957783
39953749
39951448
39951352
39946873
39940893
39939365
39938449
39936895
39935633
39930446
39929376
39927333
39925879
39920864
39919372
39917835
39915809
39912643
39909254
39902954
39898316
39896720
39894202
39892320
39891262
39881387
39875095
39873521
39854991
39853010
39844180
39843522
39842302
39841201
39838431
41853508
39835966
39833341
39831966
39827989
39820425
39813598
39805250
39797569
39796296
39795000
39789436
39779716
39778056
39770612
39765196
39763902
39763640
39761739
41675709
39758340
39735176
39731826
39728494
39725445
39723822
39722326
39717273
39714168
39709798
39707511
39703701
39695983
39695297
39694116
39693966
39691431
39684246
39680691
39675462
39675442
39672231
39659426
39644773
39642737
39641861
39640398
39629129
39628383
39624158
39620359
39612216
39611812
39608199
39607975
39604809
39601556
39601555
39597593
39596262
39595275
39592704
39591767
39589588
39588199
39584815
39580871
39577582
39577368
39577267
39576476
39574606
39571716
39561704
39557257
39551110
39546167
39543167
39542187
39541983
39538341
39536991
39533168
39531444
39528052
39526896
39523344
39522897
39519025
39510362
39508089
39505912
39505908
39500545
39492104
39478626
39478562
39477048
39475924
39468253
39458402
39458342
39457400
39456444
39440203
39438539
39432083
39431056
39427542
39427267
39426578
39426464
39426111
39420836
39418241
39413681
39410870
39407345
39405686
39402236
39399231
39385092
39379811
39376708
41676124
39357281
39354675
39351096
39349606
39347539
39340212
39323428
39322164
39320367
39318427
39315779
39313845
39313703
39309265
39306146
39301264
39300575
39298952
39296299
39290662
39277616
39277613
39275913
39275258
39270978
39270881
39268238
39265811
39256682
39256599
39253815
39248477
39246231
39243135
39235557
39232318
39221872
39217664
39216617
39210977
39210818
39203404
39202331
39201260
39189780
39186744
39182227
39180723
39175129
39170628
39168909
39165393
39162518
39159729
39159427
39154578
39149494
39147334
39146704
39142421
39140734
39139377
39113128
39111271
39110709
39108084
39107841